Generation:
0

Phenotype:
{a}xor({b}opt(seq({c}lo4({f})))){d}{e}xor({g}{h})

Genotype:
[87088, 73450, 83213, 84313, 73491, 5394, 84481, 16057, 73276, 9500, 86825, 90885, 67411, 84481, 43919, 2795, 75051, 51131, 79369, 78374, 95921, 33071, 30331, 24353, 18360, 47920, 2272, 66489, 78914, 20176, 72111, 79371, 94292, 65406, 99251, 76831, 18841, 92241, 1841, 39201, 35391, 27984, 84170, 1114, 46517, 57300, 84511, 38500, 13186, 16057, 19423, 7930, 73064, 76375, 75051, 25391, 8515, 50471, 76921, 96201, 40035, 33044, 51345, 91066, 98077, 78632, 83537, 65931, 39247, 91044, 56178, 3742, 87682, 44935, 2701, 12648, 12554, 52785, 75267, 27726, 53060, 32103, 74701, 8917, 13912, 28530, 46913, 23053, 21618, 82123, 1421, 40269, 85631, 14530, 43517, 37444, 22901, 41784, 39718, 75748, 2430, 5510, 60714, 75857, 66727, 24135, 94403, 3603, 40805, 37498, 37097, 44824, 31111, 99297, 915, 61067, 71886, 67871, 50199, 32263, 29617, 73958, 76154, 24812, 10975, 95229, 84881, 52000, 71536, 23747, 99470, 42438, 51523, 65480, 95162, 17312, 4603, 40376, 36481, 56135, 41789, 795, 24933, 89679, 28623, 71769, 72845, 98316, 32706, 84658, 80017, 12538, 8068, 56694, 80120, 21433, 7702, 13466, 48442, 17510, 61987, 99517, 87616, 31370, 62413, 25451, 87587, 39231, 44992, 76909, 28125, 40089, 62906, 56545, 66035, 60605, 51314, 52366, 56668, 44923, 64697, 70209, 89600, 57555, 96038, 82419, 76341, 9027, 14786, 20393, 75830, 41154, 62867, 66857, 67547, 64241, 71607, 77377, 34096, 35314, 61159, 61514, 24538, 54712, 2006, 78107, 63866, 49438, 79495, 92273, 45410, 86923, 63876, 2203, 58881, 27430, 85819, 14227, 34043, 16527, 89326, 43033, 23616, 65720, 91739, 41382, 38547, 93645, 65339, 85235, 25061, 9758, 8120]
Tree:
(<e> (<slot> (<anygate> { (<event> a) })) (<slot> ) (<anygate> (<anygate> (<name> xor) ( (<slots> (<slot> (<anygate> { (<event> b) })) (<slot> ) (<anygate> (<name> opt) ( (<slots> (<slot> ) (<slot> ) (<anygate> (<name> seq) ( (<slots> (<slot> ) (<slot> ) (<anygate> { (<event> c) }) (<slot> (<anygate> (<name> lo (<0_n> 4)) ( (<slots> (<slot> ) (<slot> ) (<anygate> { (<event> f) }) (<slot> ) (<slot> )) ))) (<slot> )) )) (<slot> ) (<slot> )) )) (<slot> ) (<slot> )) )) (<anygate> (<anygate> { (<event> d) }) (<anygate> { (<event> e) }))) (<slot> ) (<slot> (<anygate> (<name> xor) ( (<slots> (<slot> (<anygate> { (<event> g) })) (<slot> ) (<anygate> { (<event> h) }) (<slot> ) (<slot> )) ))))

Fitness:
0.9683442844965844