Generation:
335

Phenotype:
{a}opt({c}{g}{b}{d}{e})opt({h})

Genotype:
[22385, 30681, 17270, 32480, 56538, 10006, 22391, 45259, 46070, 29873, 93936, 18821, 85788, 15177, 92957, 82415, 37586, 26740, 6689, 62475, 93050, 19517, 3245, 30681, 18720, 54961, 22391, 98338, 64721, 31601, 80861, 4110, 17851, 16491, 26311, 18135, 81326, 32370, 88232, 67738, 28681, 49876, 58739, 55160, 82579, 15045, 60824, 57963, 22384, 7023, 4552, 30813, 5067, 47309, 61699, 35860, 63191, 18290, 29890, 68095, 20358, 38213, 83062, 86482, 17506, 68547, 85881, 83863, 77815, 36901, 9598, 37829, 27550, 28874, 85042, 89216, 77922, 33431, 76895, 60079, 68788, 62084, 52286, 91322, 29975, 54130, 23029, 89796, 4033, 47817, 67401, 50678, 77807, 21460, 93979, 85299, 51539, 57432, 22503, 39093, 1300, 28371, 68349, 57198, 69506, 26039, 5728, 42450, 87728, 45978, 12320, 54909, 70409, 24344, 39653, 74741, 34819, 89062, 55961, 76928, 73656, 54303, 73217, 86900, 57955, 78137, 25681, 46851, 75757, 43558, 17048, 39048, 19634, 88523, 51466, 75863, 61365, 81223, 43912, 33414, 57100, 24615, 54141, 16256, 24206, 85033, 70377, 4805, 1307, 63225, 52083, 47766, 46150, 83432, 87594, 46445, 87457, 52892, 38285, 69325, 24330, 52954, 41614, 22914, 27277, 87643, 41508, 89364, 34356, 34091, 64787, 72595, 7693, 59344, 38553]
Tree:
(<e> (<slot> ) (<slot> (<anygate> { (<event> a) })) (<anygate> (<name> opt) ( (<slots> (<slot> (<anygate> { (<event> c) })) (<slot> ) (<anygate> (<anygate> (<anygate> { (<event> g) }) (<anygate> { (<event> b) })) (<anygate> { (<event> d) })) (<slot> (<anygate> { (<event> e) })) (<slot> )) )) (<slot> (<anygate> (<name> opt) ( (<slots> (<slot> ) (<slot> ) (<anygate> { (<event> h) }) (<slot> ) (<slot> )) ))) (<slot> ))

Fitness:
0.9259424879930557
Metrics:
Alignment:	0.9749828429468216
Complexity:	0.9279891082476105
Generalization:	0.9663619907009743
Precision:	0.8039566040615491
Simplicity:	0.9333333333333333