Generation:
138

Phenotype:
{a}and(xor({c}{b}){d})and(xor({h}{g}){e})

Genotype:
[77471, 15221, 98650, 65774, 24263, 60997, 57348, 89294, 9701, 45631, 61860, 78769, 44695, 84482, 56011, 52101, 75687, 1304, 64866, 98351, 24590, 92651, 38261, 73034, 77198, 24201, 80401, 55880, 53881, 8298, 74966, 56081, 37031, 83626, 54001, 64931, 77911, 32380, 88766, 24020, 86654, 38288, 16121, 87091, 31481, 11760, 24221, 36673, 62581, 84907, 86327, 16751, 26238, 45227, 37065, 68855, 75589, 54568, 35638, 14598, 8498, 74153, 42953, 40989, 34860, 59002, 70613, 63699, 53746, 76042, 45259, 44582, 23315, 547, 76129, 14554, 55778, 82050, 52835, 21191, 36251, 89175, 74643, 32401, 67488, 60228, 84509, 46335, 48079, 76457, 50660, 40126, 40059, 41451, 65901, 65144, 82608, 88770, 46102, 24120, 39341, 51983, 91300, 82519, 97045, 4135, 72442, 30014, 34285, 19691, 59577, 18794, 29293, 88816, 51046, 44544, 17474, 39430, 44553, 21839, 95066, 73580, 98872, 58830, 50868, 57087, 35223, 43303, 1904, 65615, 14296, 24347, 41516, 6599, 33539, 72967, 94108, 2893, 34759, 96503, 47633, 97506, 38579, 3131, 32436, 2897, 59000, 85406, 92660, 26189, 51559, 56949, 29788, 94247, 47218, 94464, 45006, 11857, 47666, 90059, 87815, 52371, 80027, 29074, 40342, 12104, 12569, 6352, 29341, 40570, 61910, 58698, 33422, 27771, 81320, 16255, 94031, 94018, 14704, 23555, 72026, 54155, 98061, 56534, 59698, 4451, 93233, 24757, 2798, 18717, 99538, 87596, 11321, 55350, 28336, 97626, 12629, 68993, 26884, 99251, 36355, 27129, 28535, 67039, 10512, 94279, 66060, 60838, 49588, 50522, 18628, 2730, 90139, 683, 6649, 53270, 81321, 81536, 84289, 52275, 81816]
Tree:
(<e> (<slot> ) (<slot> (<anygate> { (<event> a) })) (<anygate> (<name> and) ( (<slots> (<slot> ) (<slot> ) (<anygate> (<anygate> (<name> xor) ( (<slots> (<slot> ) (<slot> ) (<anygate> (<anygate> { (<event> c) }) (<anygate> { (<event> b) })) (<slot> ) (<slot> )) )) (<anygate> { (<event> d) })) (<slot> ) (<slot> )) )) (<slot> (<anygate> (<name> and) ( (<slots> (<slot> ) (<slot> ) (<anygate> (<name> xor) ( (<slots> (<slot> ) (<slot> (<anygate> { (<event> h) })) (<anygate> { (<event> g) }) (<slot> ) (<slot> )) )) (<slot> ) (<slot> (<anygate> { (<event> e) }))) ))) (<slot> ))

Fitness:
0.9858899040814271
Metrics:
Alignment:	1.0
Complexity:	1
Generalization:	0.9641198055751996
Precision:	0.9614997135382722
Simplicity:	1.0